0.0000003997
3597427
133140
0.06294
62940554
319036
0.0009733
973297
2937471
0.002583
258355
880861
0.0000007673
767349
284266
0.000000000000139
4049626
0
0.0004027
20135205
3267399
0.000000004167
4167025
71878
101.78
1323
191164
5986
3396714
702086
0.005149
1458201
530310
0.3211
40142717
16223882
0.0000008151
815138
286778
0.9917
159887
192681
0.0004182
4182198
4381319
0.0000000000000007552
755153
286650
0.00001052
210409
782259
0.0074
73995568
139900
0.06692
66921148
1411610
4.20
4199698558
4195657
2749.62
192473544
4871965
2.63
110451559
240266
0.0000002162
2161515
469049
789.72
47304787
836715
4.95
631940
438275
0.02041
12245989
2532673
0.00000001049
10487209
375172
0.001214
606909
169636
0.0000006242
62415608
6792511
40.10
4010117751
7038840
